version https://git-lfs.github.com/spec/v1
oid sha256:1e3cc3617b902c5a9c9accf4538705ee359d6e9adb53e1e8a0bd4b5be1f5320e
size 533
