version https://git-lfs.github.com/spec/v1
oid sha256:6387fec7370e429e7c03e51132c3a7ea59a1ef7302d171e1f120ffcf70f18783
size 2891
