version https://git-lfs.github.com/spec/v1
oid sha256:43d8e190cf1983ae3ab726289d423d9f379a5d8b0af473c6971ffb563cb6bba7
size 2185
